RESULTS AH 79-100B, WORTMAN, 00:1:31

0.000000 1.758528 -0.066273 0.012064 0.007735 -0.237273 0.033079
1.000000 1.803145 -0.040600 0.007950 0.007470 -0.242085 0.011466
2.000000 1.848200 -0.015162 0.003621 0.008426 -0.247008 -0.010012
3.000000 1.893702 0.009988 -0.000924 0.010593 -0.252044 -0.031344
4.000000 1.939657 0.034798 -0.005689 0.013962 -0.257197 -0.052520
5.000000 1.986075 0.059215 -0.010674 0.018521 -0.262473 -0.073531
6.000000 2.032962 0.083185 -0.015881 0.024253 -0.267874 -0.094367
7.000000 2.080329 0.106657 -0.021313 0.031143 -0.273406 -0.115018
8.000000 2.128184 0.129581 -0.026971 0.039170 -0.279073 -0.135475
9.000000 2.176536 0.151904 -0.032857 0.048313 -0.284879 -0.155727
10.000000 2.225397 0.173577 -0.038973 0.058549 -0.290831 -0.175763
11.000000 2.274776 0.194551 -0.045321 0.069850 -0.296934 -0.195575
12.000000 2.324685 0.214778 -0.051903 0.082189 -0.303192 -0.215152
13.000000 2.375134 0.234211 -0.058721 0.095535 -0.309612 -0.234484
14.000000 2.426137 0.252803 -0.065777 0.109857 -0.316200 -0.253561
15.000000 2.477705 0.270512 -0.073072 0.125121 -0.322962 -0.272372
16.000000 2.529851 0.287292 -0.080609 0.141289 -0.329904 -0.290909
17.000000 2.582588 0.303103 -0.088390 0.158325 -0.337033 -0.309160
18.000000 2.635929 0.317904 -0.096416 0.176189 -0.344355 -0.327116
19.000000 2.689889 0.331657 -0.104691 0.194840 -0.351879 -0.344768
20.000000 2.744480 0.344325 -0.113215 0.214234 -0.359610 -0.362107
21.000000 2.799716 0.355872 -0.121992 0.234328 -0.367557 -0.379122
22.000000 2.855612 0.366268 -0.131023 0.255077 -0.375726 -0.395805
23.000000 2.912179 0.375479 -0.140311 0.276433 -0.384124 -0.412149
24.000000 2.969432 0.383479 -0.149858 0.298350 -0.392760 -0.428144
25.000000 3.027381 0.390240 -0.159666 0.320777 -0.401639 -0.443784
26.000000 3.086038 0.395740 -0.169738 0.343668 -0.410769 -0.459062
27.000000 3.145411 0.399957 -0.180076 0.366971 -0.420156 -0.473972
28.000000 3.205507 0.402874 -0.190682 0.390637 -0.429805 -0.488511
29.000000 3.266330 0.404477 -0.201560 0.414616 -0.439721 -0.502674
30.000000 3.327880 0.404753 -0.212711 0.438860 -0.449907 -0.516460
31.000000 3.390153 0.403697 -0.224138 0.463319 -0.460366 -0.529871
